-----seed: 64 -----
0.06675073613634197 0.6492589624617171 0.542308131 0.2893853292502156 0.38312039600000003 0.3850582909214193
-----seed: 120 -----
0.05697835995021798 0.6653724205006524 0.501876467 0.4296325560774423 0.501876467 0.4296325560774423
-----seed: 137 -----
0.06363701242144953 0.5080234675037899 0.558918249 0.3170612990850913 0.38312039600000003 0.3948499148923353
-----seed: 261 -----
0.058044609524671616 0.5044051444956625 0.542155347 0.3571269070196351 0.436633362 0.3710126990164007
-----seed: 507 -----
0.07102804332730456 0.367393151925118 0.558918249 0.30439675321927817 0.286564651 0.376633752608047
-----seed: 582 -----
0.0664300234026507 0.589494254211173 0.542155347 0.3685697429899577 0.393103796 0.3822366593838642
-----seed: 779 -----
0.07082863448166549 0.3677439397072867 0.542308131 0.28038663315024637 0.35385815 0.37212577247945733
-----seed: 782 -----
0.0648423056502651 0.6020849155153956 0.501876467 0.42939904333723034 0.279138363 0.4813073177134871
-----seed: 821 -----
0.042200500532184285 0.7988557802616896 0.542155347 0.34398559550736924 0.38454817 0.3882903209820487
-----seed: 867 -----
0.06328573323931606 0.5038880853310657 0.558918249 0.33228417638321106 0.209712197 0.40967989364877533
