-----seed: 64 -----
0.06562669400813816 0.6771932397166787 0.542308131 0.23424469 0.460820514 0.43816712
-----seed: 120 -----
0.04758498994588145 0.7068912765487148 0.501876467 0.50389975 0.209712197 0.50909835
-----seed: 137 -----
0.06096753782498597 0.5890348822340986 0.558918249 0.41097066 0.209712197 0.53002536
-----seed: 261 -----
0.05716639884289411 0.6482475228737223 0.542155347 0.36362052 0.398532217 0.40322894
-----seed: 507 -----
0.0566020583296286 0.608392838534223 0.558918249 0.40377223 0.460820514 0.44896257
-----seed: 582 -----
0.07582698127199568 0.4802058057601065 0.542155347 0.3660768 0.209712197 0.5195825
-----seed: 779 -----
0.05134602972730751 0.6426362692426328 0.542308131 0.23484068 0.460820514 0.4434885
-----seed: 782 -----
0.05838301509022273 0.586599824829622 0.501876467 0.49943382 0.279138363 0.53187644
-----seed: 821 -----
0.04037887073306323 0.8316787937287087 0.542155347 0.35592583 0.460820514 0.44225693
-----seed: 867 -----
0.06498246373199379 0.5001935261832848 0.558918249 0.38665283 0.209712197 0.52749765
